time,x,y,z,phi,theta,psi,x_velocity,y_velocity,z_velocity,phi_velocity,theta_velocity,psi_velocity,rotor_speed1,rotor_speed2,rotor_speed3,rotor_speed4
0.06,-3.3661826556616853e-07,-9.410479637069532e-08,10.003523461878828,6.282972644704998,0.0003045367823339973,0.0,-2.8775760668833208e-05,-1.3046448422334848e-05,0.11744311319064948,-0.01179241259276414,0.013670053141884525,0.0,441.67969238356204,442.80539435822004,443.0415744979835,442.07118574492904
0.12000000000000001,-1.3761217045624382e-05,-9.316835915746379e-06,10.018552482786871,6.28254799584569,0.0011199661432685915,0.0,-0.0005222258666942659,-0.0003643073017020934,0.38347246816379277,0.000990878523868072,0.013430888825473724,0.0,487.2902840073347,487.2722758705934,485.78360872346946,486.7411659875784
0.18,-6.984444128560425e-05,-4.31847552602879e-05,10.043458555194292,6.282852690512794,0.0016303733211637805,0.0,-0.0014131335052576489,-0.0007460158824311835,0.44670679272311226,0.012205302304766238,-0.003822248198650933,0.0,425.7347902953625,424.25615818123487,425.0090174205488,425.9688735305604
0.23999999999999996,-0.00019065330029797197,-9.251269384233526e-05,10.075310576135667,0.00023946457295664914,0.0013531599485432366,0.0,-0.002585369061945219,-0.0008244162725635118,0.6149513484002194,0.003572324905963895,-0.0062660259140795635,0.0,459.0506097549004,458.8567644044723,457.9421708691982,457.25493760802084
0.3,-0.00037351725973664205,-0.0001360215387689148,10.116231522070368,0.00023992137636419386,0.000707372038826648,0.0,-0.003457450833546638,-0.0006131456861192626,0.7490014888382043,-0.008296264368112365,-0.021757003436339527,0.0,448.8609853026065,447.6023571236613,448.2192929129796,447.2538399439025
0.36000000000000004,-0.0005900049780172837,-0.00017003816375062204,10.16285176347309,6.282730565249501,6.282633233975641,0.0,-0.0036363768351764837,-0.0005767455642916807,0.80496850132889,-0.019116085018662826,-0.019500822474652076,0.0,423.3069736599976,423.50103607693165,423.63450733961037,422.703358053849
0.4200000000000001,-0.0007899500704985747,-0.00022131043158088107,10.21838435901987,6.281503924654199,6.282044744585711,0.0,-0.00292655461789897,-0.0012778494228233984,1.0459286835537631,-0.023241447975385156,0.004697465031447464,0.0,479.44633597451497,481.28117547546424,480.2478458722817,479.9349285332099
0.48000000000000015,-0.0009437304064178986,-0.00033660201363207455,10.283578428367136,6.279583966834721,6.282397820386398,0.0,-0.0022311353519847647,-0.002717004561126373,1.1271297814712922,-0.0620778936455194,0.008159091543678575,0.0,432.3805214235585,432.6719240561972,433.1282861511589,429.84928919849284
0.5400000000000001,-0.0010611930809626773,-0.0005996766676928252,10.356980616057458,6.276238417392891,6.282578589229644,0.0,-0.0017263871011046553,-0.00645747127608647,1.319405841274367,-0.04543455580526611,-0.010040850249240299,0.0,467.1694829363885,465.74834262354165,465.94886575348926,467.24600849306756
0.6000000000000002,-0.0011508383677077093,-0.001136976174743904,10.438622803878914,6.273715527877133,6.281421792984876,0.0,-0.001190052122338514,-0.011711939389892989,1.4019005060738752,-0.0360163507783573,-0.0534766352067732,0.0,434.73490850338186,431.0801226794113,432.81492304134946,433.6057506760696
0.6600000000000003,-0.0011690666583433593,-0.002061617482694085,10.527594160848373,6.271820687758741,6.278038600330145,0.0,0.0009473870067960692,-0.019331382604845057,1.563600861948541,-0.02392847957066124,-0.06295194807649153,0.0,457.92501874331685,457.16863141003154,457.9587208111489,458.9187593671559
0.7200000000000003,-0.0009735628761835947,-0.00349738211126241,10.627463351049304,6.270132355347222,6.273913100661677,0.0,0.006025698150747552,-0.028704798655040432,1.765078000693082,-0.03827279694232746,-0.08408556722612112,0.0,471.3428612687779,469.70341780909746,470.7509137359234,469.639534268159
0.7800000000000004,-0.00040819102038389463,-0.005489396050948949,10.735725229096115,6.267906214327514,6.268321332173507,0.0,0.013329715373433613,-0.03791725511892186,1.8435189735987492,-0.03485911405256245,-0.12611810509538185,0.0,434.36901171771126,430.8211975165996,433.48286805258266,433.7689327609089
0.8400000000000004,0.0007718199865543035,-0.008131004482522582,10.852084558637397,6.265953577091402,6.261156094265228,0.0,0.026846592679452056,-0.05036423609216099,2.0347861103690907,-0.028275671711062156,-0.10859571397568953,0.0,467.999922034838,469.34946981882115,467.55515158406024,468.0673936865158
0.9000000000000005,0.002881745058174348,-0.011529091106100273,10.977998734524286,6.264846758563667,6.254860454468439,0.0,0.044157203556487286,-0.06304432422774991,2.162101224066862,-0.0037880277309447815,-0.09845348281640719,0.0,449.7232207688447,450.53440927375783,448.00064797914257,449.98720194749825
0.9600000000000005,0.006205695237870636,-0.01573257034958074,11.112989995330851,6.265070669614211,6.249081731516721,0.0,0.06729165393378926,-0.07706175647845596,2.3372448531764314,0.015630183172714775,-0.09234340404610693,0.0,464.9052644838792,465.3762567750067,463.4348160932059,464.95850584535344
1.0200000000000005,0.010883359637805401,-0.020683269793108642,11.253783214384738,6.26581146850501,6.243700958441881,0.0,0.08911992917682077,-0.0878843534268705,2.355806246276498,0.004802772735157424,-0.08482630723989296,0.0,415.49336996557975,416.14451050514594,416.44678704856676,415.49855046865036
1.0800000000000005,0.017077593233323616,-0.026318984279890125,11.398409414954795,6.266209755163148,6.238380229534943,0.0,0.11788156846513365,-0.09993293294873726,2.4648142402501265,0.01007708773845605,-0.09777501215861012,0.0,446.442607894514,445.37823960251706,444.48337012565156,444.9152890900053
1.1400000000000006,0.02511036913857088,-0.032667785505903685,11.549553053414225,6.2668411672442375,6.233018261637836,0.0,0.15044202371500645,-0.11162575275240239,2.5730402996511335,0.011401803933903994,-0.07637493919378942,0.0,444.6480069801736,446.3907861846561,445.6424089685131,445.7505506008337
1.2000000000000006,0.03517282356225762,-0.03969445743306487,11.706562311910016,6.267619167112056,6.228191484934689,0.0,0.18543196999307388,-0.12251993264508265,2.660374767051139,0.015925764370894727,-0.09016873632771585,0.0,439.98552356225173,438.8366556388276,439.58830669219884,439.96290677562024
1.2600000000000007,0.047566894237575624,-0.047394146032556636,11.871147865161536,6.268246415099014,6.222632052652074,0.0,0.22829251207310303,-0.1340381636231733,2.8253777206119617,-0.0036985772129265737,-0.0981627791875839,0.0,464.4136463119171,463.779325919824,464.8273770343508,463.28686784299094
1.3200000000000007,0.06247764885401662,-0.055731317343138166,12.042667414207065,6.267745189077239,6.216562143926147,0.0,0.2693008215445983,-0.14389766692754852,2.8917305379454734,-0.01983380617798782,-0.10796530989717722,0.0,434.5879607756028,433.75635072216085,435.1683787581767,433.8157330896045
1.3800000000000008,0.08000936374180602,-0.06468240894368753,12.218737071937703,6.266303039914597,6.210042669002561,0.0,0.3157220605346307,-0.15459761742746977,2.976982913768954,-0.03414550361951864,-0.11007912640540439,0.0,442.1789380563955,441.9942911919664,440.1715757995167,438.9854810957176
1.4400000000000008,0.10049710573419211,-0.07431625616054742,12.400429187094597,6.264566750777298,6.203230682029368,0.0,0.36786577536228227,-0.16671693933415396,3.0790831634406124,-0.02015593198907941,-0.12152597458225296,0.0,446.89840023364684,445.9528643362953,446.48724750751086,447.62687260819354
1.5000000000000009,0.1241563068154447,-0.08468688534082054,12.587001413362128,6.263449066475273,6.196077976622231,0.0,0.4214525426754699,-0.1790782799277687,3.1397514050984516,-0.01573541374729787,-0.1149481532120811,0.0,433.55713089320983,434.09625319106107,434.61842569064595,434.98881787460067
1.560000000000001,0.1511851941485877,-0.09582387343555669,12.777395163467341,6.262271072231307,6.189568243629953,0.0,0.4801387992687573,-0.19225142355024577,3.2064435508497513,-0.028864574988842418,-0.09799531262362286,0.0,436.7883532887533,438.1891683500661,436.60885254621405,435.5120706248291
1.620000000000001,0.18257120144559408,-0.10793415643706382,12.97926832259838,6.261525898819926,6.18358281003923,0.0,0.5667622814651874,-0.2115534598884178,3.5216373621062695,0.008706314596466671,-0.10353376890930456,0.0,511.08917365658107,510.68710225385945,509.45196523361477,512.1313443206606
1.680000000000001,0.2189507946864321,-0.12113482642751973,13.196408886794863,6.262167218299158,6.177720384236544,0.0,0.646519900687799,-0.2283866404513349,3.7156706046401697,0.014384662427766887,-0.08805769897021722,0.0,477.6043767687664,478.7757501077035,478.5597908802123,478.9917006531987
1.740000000000001,0.2601694558128164,-0.13531320979969064,13.424430368771407,6.263170510124777,6.1721486232445955,0.0,0.7279736515169354,-0.24410838992453546,3.8843896329480208,0.02102733399148521,-0.10480040196626007,0.0,472.7298038137821,471.4309570108053,472.5311348536337,473.04285558914484
1.8000000000000012,0.3061078524429336,-0.1503582597648616,13.659922359956376,6.264446758705885,6.165464191586498,0.0,0.8039036973482293,-0.2572610718572814,3.9649605984026217,0.02175332249852698,-0.1298234535683945,0.0,448.36290406102256,446.3137855707583,446.3206437786136,446.37989230500733
1.8600000000000012,0.3569115584157739,-0.1661930053805561,13.901658103407689,6.265380730605321,6.157632596274009,0.0,0.8903166590683883,-0.2704306441265531,4.092305307773261,-0.0011968465788563818,-0.1319697172097485,0.0,462.39141048434726,462.20737994266807,462.927869091976,461.1182293796855
1.9200000000000013,0.41343046200182193,-0.1828535619675231,14.15386360729452,6.265599591043031,6.150431303113596,0.0,0.9944269019451573,-0.2848940494698157,4.313558679623437,0.011906515057946477,-0.10309311823501432,0.0,490.2850972734751,492.4139962673109,490.4330707499348,491.4053655473574
1.9800000000000013,0.4755508292800365,-0.20026797791061804,14.413300030701224,6.266479764957577,6.144917710500593,0.0,1.0767476886708855,-0.29551179825191987,4.334123774327652,0.019690544551180127,-0.07574133878312221,0.0,430.71456143062073,433.01405140163473,431.36226326059034,432.019068160349
2.0400000000000014,0.5426285274193332,-0.2182930415547407,14.673416470072567,6.267663277200832,6.139926648641097,0.0,1.1595661964318675,-0.3052196112900101,4.336308609237999,0.01979442724707798,-0.1053751576890654,0.0,428.2277750436676,425.6927912804184,425.32356780512083,425.332449707094
2.1000000000000014,0.6147127144321398,-0.23687403929116438,14.93327953695773,6.268650878266097,6.134115497632932,0.0,1.2437410569226521,-0.3140529301712803,4.325702924628642,0.008780747555862386,-0.0837247414657215,0.0,420.77617918946805,422.6376800626373,423.1118342901297,422.16239242960415
2.1600000000000015,0.6923010079056469,-0.2560035538588563,15.194869986449032,6.269805793474941,6.129174327614566,0.0,1.3429540125830324,-0.32350592596836597,4.3935786041984715,0.034619527536067785,-0.0797428483544376,0.0,447.4250321666892,447.7436704623531,447.1329349674161,449.23321637637974
2.2200000000000015,0.7760796107733896,-0.27568484860910775,15.461443644298154,6.271694410142661,6.124423238339908,0.0,1.4500604501716674,-0.3323296035059499,4.491677864489331,0.024306754993232413,-0.07809214609340795,0.0,458.0747942915782,458.20123997060267,458.6144829052699,457.79485581822684
2.2800000000000016,0.8661256925232803,-0.2958405724454267,15.732321661267946,6.273880679283245,6.120005769156911,0.0,1.5518389880911554,-0.33934815148568853,4.537266151410624,0.053563077045973975,-0.06592701779025269,0.0,442.0061517620402,443.0033860769324,441.8465035036495,444.2527456396666
2.3400000000000016,0.9620907710122686,-0.31635698290358155,16.004325285425253,6.276873866413673,6.1166532948528385,0.0,1.6472748245073865,-0.3442657272714286,4.5294361473925875,0.04127847383984319,-0.040967988732322144,0.0,425.04938156550844,427.18081487504594,426.4589010205389,425.40980750320375
2.4000000000000017,1.0638515424904715,-0.3371197278419847,16.275974449973294,6.279312227481531,6.113992311194767,0.0,1.7449318945091592,-0.34761430366393864,4.525448554729508,0.03932981379464854,-0.052153554285645776,0.0,427.7560759593149,426.80110148293767,427.74836284820486,427.5832913327514
2.4600000000000017,1.1715278150736392,-0.35804140093812376,16.547457915854544,6.281899611056348,6.111110907653128,0.0,1.8444926224624334,-0.3495603410330482,4.5238906862047275,0.0497948778303908,-0.040833497714814544,0.0,428.5344315750689,429.4941897071267,427.51326494792977,428.4052393204616
2.520000000000002,1.285613145774944,-0.37903445718198236,16.82110091592159,0.001692795613058351,6.108867222951103,0.0,1.9584762365679014,-0.3499175710463945,4.597123350840812,0.049333161815735646,-0.031279439969490966,0.0,452.3622570464535,453.1303933113632,452.9221477619044,452.8864966068345
2.580000000000002,1.4065944834909343,-0.39999004108937397,17.099257417796004,0.004572067165996785,6.106862693656414,0.0,2.0743115554026907,-0.34831673298649346,4.674321925634114,0.04515253330890194,-0.03804850184999417,0.0,456.22958668138534,455.6883152022313,454.08710805110115,453.7529188146339
2.640000000000002,1.534088342950364,-0.4208065319283194,17.379405538545996,0.007408294495304446,6.1043517405627306,0.0,2.1756362944557903,-0.34533044414993613,4.663878780717911,0.05120018827867904,-0.050804097479126564,0.0,428.08061124707126,426.99258883308175,427.5116813094338,428.02817990067945
2.700000000000002,1.6678833762738612,-0.4413857865118189,17.65994041429571,0.010510425272162394,6.101461479655379,0.0,2.2843851142896834,-0.3403683973527692,4.687048309288011,0.052687366814601934,-0.043367397170860474,0.0,438.08474190049947,438.7012895604266,439.2765428140972,439.4016198612904
2.760000000000002,1.8086632919467007,-0.46158517876913874,17.94413024066582,0.013759223535765308,6.099404164781118,0.0,2.4083616928031413,-0.3326262490655744,4.78538115154186,0.056915141625819274,-0.02049419577323507,0.0,462.5357337459298,464.33329500264864,462.57194579694425,462.9066153289789
2.820000000000002,1.956820435200854,-0.4812589502111672,18.23374035381885,0.017514482755626837,6.097997371483693,0.0,2.5301947097696362,-0.3228164389705098,4.867807678096288,0.07202541212064231,-0.030123178587176468,0.0,459.8045569008685,459.04093754119975,458.6112913723987,459.8127144700597
2.880000000000002,2.1118149062752276,-0.5003137448570834,18.52567577254062,0.02185111341482937,6.096156421108148,0.0,2.6363702375259117,-0.3119722700269724,4.86327396990289,0.07277574093253308,-0.031825093442195494,0.0,432.3816096248984,432.237838070379,432.7903006185158,432.85764708959243
2.940000000000002,2.2734614337984684,-0.5186107964308946,18.81871615652101,0.025794045265786103,6.094685712867472,0.0,2.7518818024699616,-0.2975442983706777,4.904425801491302,0.045323593750541076,-0.012878385405044098,0.0,446.826023742712,448.3680636308892,448.6975965734659,446.4660121352503
3.000000000000002,2.4423936143655154,-0.5359259289864841,19.11602697890644,0.028755501839079045,6.094055352475015,0.0,2.8790799484662744,-0.27935062323930415,5.005357919411042,0.05640062879033288,-0.00613965825639619,0.0,465.6689500321339,466.1959912703977,467.38191811859315,468.2459321537769
3.0600000000000023,2.618637733559638,-0.5521343071260361,19.417741514116983,0.03215258679462529,6.093717180363658,0.0,2.995618124092813,-0.26061897838703546,5.05147753449465,0.05704930668005177,-0.00464779174179473,0.0,450.4771342128433,450.5978718860961,451.47455733259886,451.5290339494806
3.1200000000000023,2.801439030908879,-0.567226388981875,19.720009145712957,0.03567907668094694,6.093545118822082,0.0,3.0977010579485382,-0.2421593764743691,5.024151043458862,0.06201866396792073,0.00047411402470290496,0.0,426.77028448842333,427.2073776344132,428.4680489238051,428.8929389782831
3.1800000000000024,2.990776287447603,-0.5810687818362673,20.022857609476368,0.040169063090240265,6.093701891777961,0.0,3.213382774931911,-0.21887113559058696,5.070487296177974,0.09263795058450652,0.0065800314483331485,0.0,451.2289174788882,451.7216007998296,450.61369639086024,453.08655471374715
3.2400000000000024,3.187101288592979,-0.5934076543802038,20.32884822761532,0.04592502053818848,6.094018299371124,0.0,3.3305845876207436,-0.1918972025666718,5.1288296289200535,0.10181544901897521,0.0025230216577932685,0.0,456.6550272312252,456.3311432171983,455.31630983610023,456.0576245907637
3.3000000000000025,3.3906451483906985,-0.603962539492259,20.639442705066795,0.05166863040014924,6.09441023759055,0.0,3.4539776613998163,-0.15935426917047668,5.223753835278605,0.07935786584917574,0.013539774902474516,0.0,468.2003395077893,469.0567244116344,468.59727805705023,466.8550761904289
3.3600000000000025,3.601399021195985,-0.6124964014440145,20.954879657633143,0.05667942653996949,6.095251674137652,0.0,3.5708866413960068,-0.12465235292402634,5.29039678457502,0.0907396428313625,0.014975083188929355,0.0,460.70155811622914,460.8149310208387,460.02506430767005,460.930975817836
3.4200000000000026,3.8182828789100856,-0.6191033776866356,21.26987378713243,0.06202799256116087,6.096903025090118,0.0,3.6584270741465827,-0.09515120468619624,5.209756492538363,0.08574333473200159,0.04506812335437106,0.0,411.52707300355485,414.18304812261715,413.9941901910741,413.56150223962334
3.4800000000000026,4.040976096840893,-0.6236547043142651,21.583270856196894,0.066778542956202,6.099317963570806,0.0,3.7642870618069746,-0.056110584044362984,5.236650147092506,0.060912709971625505,0.02825899761895901,0.0,448.9601099638614,447.5947428841199,449.1254999880349,447.11143966358895
3.5400000000000027,4.270188848449174,-0.6256944992430093,21.899542686951342,0.07083409871912227,6.101194965802554,0.0,3.875766506063441,-0.011527016466310531,5.305346390225771,0.07839859380188784,0.03673273191954822,0.0,461.6541805147443,462.32273332096435,460.718346574715,462.10221292281574
3.6000000000000028,4.505734470906394,-0.6250887190948654,22.2183515978686,0.07516434556481322,6.102946761086892,0.0,3.9754202326898747,0.03212409874656705,5.321491368680373,0.05526292275748303,0.006520858616168393,0.0,448.668143455099,446.20827641733496,445.4420847106201,443.54958393762536
3.660000000000003,4.747702400379502,-0.6215838322407025,22.5408315301936,0.0782011171159036,6.102830862668339,0.0,4.089921502075122,0.08499057919184627,5.427189780267858,0.03915396009770636,-0.029878238571947345,0.0,476.5424102038997,473.7514301801204,473.7117958760057,472.47264202673875
3.720000000000003,4.996546703274659,-0.6148388486233779,22.869742426811943,0.08077918224674008,6.10103763503335,0.0,4.204843889138689,0.14004430194064146,5.535759162592919,0.04967153689708408,-0.029904907722030277,0.0,476.4922365067777,476.48998408024397,475.8433765400187,476.64885798510005
3.780000000000003,5.251664262922334,-0.6050152053175625,23.20170616253085,0.08397759662414028,6.098983719914944,0.0,4.299118710136373,0.18767198666040508,5.529562025764366,0.05973171330989676,-0.04471052544526626,0.0,443.02827748700173,441.80844065981057,441.46499684856866,442.296365004964
3.840000000000003,5.513058834809915,-0.5920032776385035,23.536500560917,0.08774016363779147,6.096090190378863,0.0,4.414087276582525,0.24637423089161342,5.629480460230291,0.06808139731444765,-0.05638947150944672,0.0,475.4440397981921,474.54692600001476,475.9158806811034,476.5572022946053
3.900000000000003,5.7805044896939215,-0.5758030878195324,23.872611579161486,0.09230886715236952,6.093238792984284,0.0,4.500939073438051,0.293989469158396,5.574301176387492,0.08871617205997209,-0.0339806806002508,0.0,426.85409918666966,428.7609982362633,427.3647314266823,429.1250389386944
3.960000000000003,6.053608688432833,-0.5564634961388634,24.207604414145937,0.09739239262115262,6.091352540656194,0.0,4.602550153230372,0.35110938879006864,5.591817789761871,0.07523538783611662,-0.026783775972765315,0.0,450.6705170246018,451.2516406706664,452.7053409578082,451.6247629469516
4.020000000000002,6.333200758796609,-0.5334144660713905,24.545588512901418,0.101771644567755,6.08990167959907,0.0,4.717098990478094,0.41757436550263827,5.673652670894845,0.06806613537437022,-0.01942708770873731,0.0,471.41798955665973,471.98617606734496,472.98329468788916,472.4344868867565
4.080000000000001,6.619057961504539,-0.5066095701501044,24.885371265767382,0.10596052718292892,6.088960740272743,0.0,4.811431125737777,0.4762694902385947,5.652376935372021,0.07309900821623237,-0.00908452662568607,0.0,440.7578780659647,441.61210892894735,440.8106690537169,441.23020898502
4.14,6.911463295194832,-0.47572299615391495,25.22841724331955,0.10992756211246668,6.08816308717622,0.0,4.935175349485288,0.5536401761103538,5.781558032427503,0.046077529672965814,-0.023427801646752427,0.0,488.3574137397911,487.2862685139244,488.895766837479,486.8805299664224
4.199999999999998,7.211085443246623,-0.4402265195588118,25.578198115635875,0.11272684479788797,6.087761657276888,0.0,5.052033326661058,0.629779590507983,5.877059469532296,0.0477844365452832,0.014681519922467561,0.0,477.98585090109214,480.88201063446485,479.8722554599101,480.0029524831144
4.259999999999997,7.517083925886215,-0.40044802779097677,25.930653928514953,0.11717483394770234,6.0886987734211,0.0,5.147666857681591,0.6965013110526072,5.871373526621734,0.10216712006542515,0.017429748793875523,0.0,449.21898357222176,449.44173477784585,447.98788785927513,452.3927188826072
4.319999999999996,7.828814427184257,-0.35655415666744544,26.282977505839405,0.12329355843760315,6.089495939168891,0.0,5.2430870808307555,0.7671509168593235,5.872583663391579,0.1015996081302111,0.003346022634025104,0.0,452.63780597062623,451.50257924071406,452.3412642372335,452.3043622486152
4.379999999999995,8.146466358397713,-0.3081617560713447,26.636572519142977,0.12917556694196897,6.089693984328926,0.0,5.345066975552689,0.8464413771169789,5.9134765722149965,0.0897340598279328,0.0032100524359260432,0.0,465.08375206742556,465.0730338212313,465.50963947126786,464.5877114970574
4.439999999999993,8.469571880232428,-0.25532122127961804,26.989416033568286,0.13428207372295553,6.089430665376682,0.0,5.425013833881964,0.9153503410840923,5.848177963484467,0.07372977545223965,-0.027389230650207597,0.0,432.9086912014127,430.3255571211563,432.64579968825075,431.30192178364223
4.499999999999992,8.797464913809543,-0.19826256477209517,27.338380654679383,0.13855214762417667,6.087621526044472,0.0,5.5047960754168885,0.9869642365399134,5.784107130813338,0.0654799485066058,-0.03634597206763661,0.0,432.238967040666,431.4829378931304,432.1479057879757,431.4557870661877
4.559999999999991,9.130059403052082,-0.1369048944918742,27.68304177568465,0.1419653292351848,6.0852035377587885,0.0,5.5817865027546905,1.0586063569767257,5.70479751632811,0.028006546590152837,-0.04968860649390167,0.0,427.3213123627627,426.1811328591887,427.70216296227665,424.499811402016
4.6199999999999894,9.46804526140886,-0.07067055767030972,28.02666424574645,0.1436980718271208,6.082676060379498,0.0,5.684441993852685,1.1492816610325787,5.748737113957552,0.030569044353361153,-0.030173914978002096,0.0,465.6781139539264,467.20151735905915,465.46587396815784,465.66661220727235
4.679999999999988,9.811910289277778,0.0008245405497600098,28.37146109874206,0.14540451932293053,6.080875738179831,0.0,5.777707232302124,1.2340026425822799,5.744269249547789,0.02380355978078077,-0.029670449888044105,0.0,452.0241515776842,452.064465239291,451.87619537150107,451.3305497356325
4.739999999999987,10.161083446498033,0.07722384170482988,28.714580415248896,0.14748629718902162,6.0793271120865295,0.0,5.86140895769596,1.3127856051066669,5.693107749738589,0.050527043487140946,-0.019034145930529885,0.0,437.77872211838826,438.66294079997976,434.7825995560996,437.01689636218276
4.799999999999986,10.515149691184968,0.15829767717780255,29.054035936500195,0.1508129360067647,6.078318329617595,0.0,5.940777527209541,1.389940674145133,5.622263294267156,0.06380511485530423,-0.012704903587720542,0.0,429.35062481172946,429.8874903210302,430.47550505562947,431.60007920115567
4.859999999999984,10.87391827378336,0.24402032066850698,29.389027564268606,0.15446304004615552,6.077794579649034,0.0,6.018121842518497,1.4677917760581494,5.544358155171884,0.05411544798355314,-0.0017734171201703843,0.0,426.3425227654895,427.2758587797562,428.63831737095643,427.8166086855272
4.919999999999983,11.237690596092685,0.33475401631204643,29.721185423584753,0.15759538085757185,6.077310706948381,0.0,6.10746050108931,1.5569052962525345,5.5274538440654775,0.04808452779423645,-0.025233362097748627,0.0,447.1839699528908,445.26845161843244,448.4992546524383,448.01076840217183
4.979999999999982,11.606938353969221,0.430985432499434,30.052955949293963,0.16121575319062842,6.075431882626043,0.0,6.200743088975852,1.6510372845971582,5.531251354419605,0.0775876690053605,-0.047664561317558383,0.0,455.2085314973378,453.40911046492965,452.9809182923907,455.35015169340136
5.0399999999999805,11.98280964355675,0.533705748422596,30.389688870048047,0.16569953586673503,6.072193161068228,0.0,6.328234138012086,1.7732443140385503,5.691781479708566,0.06829814234387127,-0.07122762160946869,0.0,504.0116259225589,502.3036558907411,502.5059600810362,501.83561000661575
